all particles

{1, 2, 3, 4, 5, 513, -511, 5122, 521, -5112, 11, 523, 13, 14, 12, 15, 16, 4112, 531, 5132, 21, 22, 533, 4114, 25, 4122, -10213, 4124, 3101, 541, 3103, 9940003, 4132, 9940005, 3112, 553, 3114, 555, 9010221, -20433, 3122, 2101, 2103, 9940023, -20423, 2112, 2114, -20413, 10311, 10313, -435, -433, 1103, -431, 10321, 10323, 5201, 5203, -425, -423, 1114, -421, 100443, 5212, 5214, 100441, -415, -413, -411, 5222, 5224, 4201, 4203, 111, 5232, 113, 9941103, 4212, 4214, 5112, 4222, 4224, 3201, 130, 3203, 5114, 9940103, 4232, 3212, 3214, 20113, 3222, 3224, 4101, 2203, -20323, 2212, 2214, -20313, 10411, 10413, 2224, 4900021, 10421, 10423, -325, -323, -321, 10431, 10433, 5314, 5312, -315, -313, -311, 10441, 5322, 5324, 10443, 211, 213, -14122, 215, 4312, 4314, 221, 223, 225, 4322, 4324, 3303, 30443, 4332, 4334, 3312, 3314, 20213, 3322, -4900101, 3324, -3334, -3324, 4900101, -3322, 3334, -20213, -3314, 4900111, -3312, 4900113, -4334, -4332, -4324, 9000221, -4322, -4314, -4312, 14122, -213, -211, -4112, -5324, 310, 311, -5322, 313, 10551, 315, -5314, -10433, -5312, 321, -10431, 323, 325, -10423, 331, -10421, 333, -2224, -10413, -10411, -5122, 20313, -2214, -2212, 20323, -3224, -3222, -3214, -3212, -4232, -5114, -4224, 10113, -4222, -4214, -4212, -5232, -5224, -5222, 411, 413, 415, -5214, -5212, 421, -1114, 423, 425, -10323, 431, -10321, 433, 435, -10313, 9941003, 441, -10311, 443, 9942033, 20413, -2114, 445, -2112, 20423, -3122, 20433, -3114, -3112, 20443, -4132, -4124, 10213, -4122, -513, -533, -531, -4114, 10221, -16, -15, -14, -13, -12, -11, -1, -521, -523, -5132, 9942003, -5, -4, -3, -2, 511}


status 1 particles

{130, 11, 12, 13, 14, 16, 4900113, 22, 2212, -211, -321, 2112, 321, -2112, 211, -2212, -16, -14, -13, -12, -11}



pid_translator = {
	11:"electron",
	-11:"positron",
	12:"electron neutrino",
	-12:"electron antineutrino",
	13:"muon",
	-13:"antimuon",
	14:"muon neutrino",
	-14:"muon antineutrino",
	15:"tau",
	-15:"antitau"
	16:"tau neutrino",
	-16:"tau antineutrino",
	130:"K0 L meson",
	321:"K+ meson",
	-321:"antiK+ meson",
	4900101:"dark quark",
	-4900101:"dark antiquark",
	4900113:"spin 1 dark meson",
	4900111:"spin 0 dark messon",
        211:"pi+",
        -211:"pi-",
        22:"gamma",
        2112:"neutron",
        -2112:"antineutron",
        2212:"proton",
        -2212:"antiproton",
        }

